((("padding-top" .
   [1 0 0 0 0 0 0 0 0 0 0])
  ("top" .
   [0 0 1])
  ("graph" .
   [1 0 0 0 0])
  ("top_sort" .
   [1 0 0 0 0 0 0 0])
  ("1000000000" .
   [1 0 0 0 0 0 0 0 0 0])
  ("elif" .
   [1 0 0 0])
  ("reversed" .
   [0 0 0 0 0 0 0 1])
  ("lambda" .
   [1 0 0 0 0 0])
  ("answers" .
   [0 0 0 3 0 0 0])
  ("guesses" .
   [0 0 1 3 0 0 0])
  ("ans" .
   [22 0 0])
  ("and" .
   [3 0 0])
  ("max" .
   [2 0 0])
  ("as" .
   [1 0])
  ("cols" .
   [2 0 0 0])
  ("rows" .
   [3 0 0 0])
  ("no_of_coins" .
   [0 0 1 2 1 1 0 0 0 0 0])
  ("board" .
   [0 0 0 1 0])
  ("minSums" .
   [0 0 0 0 1 0 0])
  ("perm" .
   [1 0 0 0])
  ("itertools" .
   [1 0 0 0 0 0 0 0 0])
  ("len" .
   [9 0 0])
  ("list" .
   [2 0 0 0])
  ("numbers" .
   [3 0 0 1 1 0 0])
  ("start" .
   [10 0 0 0 0])
  ("find" .
   [3 0 0 0])
  ("sort" .
   [2 0 0 0])
  ("compare" .
   [1 0 0 0 0 0 0])
  ("substr" .
   [1 0 0 0 4 0])
  ("true" .
   [2 0 0 0])
  ("kstr" .
   [7 0 0 0])
  ("false" .
   [4 0 0 0 0])
  ("check_array" .
   [0 0 0 0 0 0 1 1 1 0 0])
  ("bool" .
   [1 0 0 0])
  ("prev" .
   [13 0 0 0])
  ("temp" .
   [7 0 0 0])
  ("endl" .
   [13 0 0 0])
  ("end" .
   [5 0 0])
  ("begin" .
   [2 0 0 0 0])
  ("atoi" .
   [1 0 0 0])
  ("cout" .
   [13 0 1 0])
  ("length" .
   [1 0 0 0 0 0])
  ("char" .
   [2 0 0 0])
  ("cin" .
   [3 0 0])
  ("ip" .
   [45 0])
  ("string" .
   [7 0 0 0 0 0])
  ("std" .
   [1 0 0])
  ("namespace" .
   [0 0 0 0 0 0 1 0 0])
  ("using" .
   [1 0 0 0 0])
  ("main" .
   [1 0 0 0])
  ("iostream" .
   [1 0 0 0 0 0 0 0])
  ("120" .
   [1 0 0])
  ("222" .
   [0 0 2])
  ("400" .
   [1 0 0])
  ("200" .
   [1 0 0])
  ("append" .
   [5 0 0 0 0 0])
  ("in" .
   [13 0])
  ("for" .
   [8 0 0])
  ("enumerate" .
   [1 0 0 2 1 0 0 0 0])
  ("net" .
   [2 0 0])
  ("pcap" .
   [6 0 0 0])
  ("xrange" .
   [1 0 0 0 0 0])
  ("sorted" .
   [5 0 0 0 0 0])
  ("pcap_x" .
   [6 0 0 0 0 0])
  ("net_y" .
   [5 0 0 0 0])
  ("net_x" .
   [7 0 0 0 0])
  ("pcap_y" .
   [6 0 0 0 0 0])
  ("100" .
   [3 0 0])
  ("set_up" .
   [1 0 0 0 0 0])
  ("config" .
   [1 0 0 0 0 0])
  ("def" .
   [5 0 0])
  ("uprocess_one_count" .
   [0 0 0 0 0 0 0 0 0 0 0 1 0 0 0 0 0 0])
  ("uprocess_" .
   [0 0 0 0 0 0 0 0 1])
  ("uprocess_zero_count" .
   [0 0 0 0 0 0 0 0 0 0 1 0 0 0 0 0 0 0 0])
  ("cfs_data" .
   [2 0 0 0 0 0 0 0])
  ("72" .
   [1 0])
  ("48" .
   [1 0])
  ("define" .
   [1 0 0 0 0 0])
  ("THREAD_COUNT" .
   [0 0 0 0 0 0 2 0 0 0 0 0])
  ("setq" .
   [2 0 0 0])
  ("debug-on-error" .
   [1 0 0 0 0 0 0 0 0 0 0 0 0 0])
  ("nil" .
   [1 0 0])
  ("scroll-bar-mode" .
   [1 0 0 0 0 0 0 0 0 0 0 0 0 0 0])
  ("-1" .
   [2 0])
  ("tool-bar-mode" .
   [0 0 0 0 0 0 0 0 0 0 0 1 0])
  ("setq-default" .
   [0 0 0 0 0 0 1 0 0 0 0 0])
  ("cursor-type" .
   [0 0 0 0 0 0 1 0 0 0 0])
  ("priority" .
   [0 0 0 0 1 0 0 2])
  ("cfs_uthread" .
   [1 0 0 0 0 0 0 0 0 0 0])
  ("uthread" .
   [2 0 0 0 0 0 0])
  ("attr" .
   [6 0 0 0])
  ("timeslice" .
   [1 0 0 0 0 0 0 0 0])
  ("timeslice_us" .
   [1 0 0 0 0 0 0 0 0 0 0 0])
  ("40" .
   [1 0])
  ("20" .
   [4 0])
  ("min" .
   [1 0 0])
  ("do" .
   [3 0])
  ("while" .
   [9 0 0 0 0])
  ("if" .
   [10 0])
  ("break" .
   [1 0 0 0 0])
  ("try" .
   [4 0 0])
  ("min_cfs_uthread" .
   [1 0 0 0 0 0 0 0 0 0 0 0 0 0 0])
  ("node" .
   [1 0 0 0])
  ("printf" .
   [6 0 0 0 0 0])
  ("unsigned" .
   [3 0 0 0 0 1 0 0])
  ("long" .
   [4 0 0 0])
  ("struct" .
   [2 0 0 0 0 0])
  ("timeval" .
   [2 0 0 0 0 0 0])
  ("thread_arg" .
   [2 0 0 0 0 0 0 0 0 0])
  ("group_id" .
   [2 0 0 0 0 0 0 0])
  ("int" .
   [7 0 0])
  ("gid" .
   [3 0 0])
  ("process_one_times" .
   [2 0 0 0 0 0 0 0 0 0 0 0 0 0 0 0 0])
  ("thread_cpu_time" .
   [0 0 0 0 0 0 0 0 0 0 0 0 0 0 2])
  ("else" .
   [3 0 0 0])
  ("tv2us" .
   [3 0 0 0 0])
  ("process_one_time" .
   [1 0 0 0 0 0 0 0 0 0 0 0 0 0 0 0])
  ("uthread_gid" .
   [2 0 0 0 0 0 0 0 0 0 0])
  ("get" .
   [2 0 0])
  ("uthread_attr_getgid" .
   [1 0 0 0 0 0 0 0 0 0 0 0 0 0 0 0 0 0 0])
  ("uthread_attr_t" .
   [1 0 0 0 0 0 0 0 0 0 0 0 0 0])
  ("return" .
   [15 0 0 0 0 0])
  ("state" .
   [1 0 0 0 0])
  ("response" .
   [3 0 0 0 0 0 0 0])
  ("readBody" .
   [0 0 0 0 0 1 0 0])
  ("http" .
   [1 0 0 0])
  ("print" .
   [18 0 0 0 0])
  ("headers" .
   [4 0 0 0 0 0 0])
  ("version" .
   [1 0 0 0 0 0 0])
  ("cbRequest" .
   [0 0 0 0 0 0 0 0 1])
  ("perfconf" .
   [0 0 0 0 1 0 0 0])
  ("server_config" .
   [0 0 0 0 0 0 0 0 1 0 0 0 0])
  ("include" .
   [6 0 0 0 0 0 0])
  ("line1" .
   [3 0 0 0 0])
  ("split" .
   [2 0 0 0 0])
  ("strip" .
   [1 0 0 0 0])
  ("range" .
   [7 0 0 0 0])
  ("total" .
   [3 0 0 0 0])
  ("res" .
   [6 0 0])
  ("existingNames" .
   [0 0 0 0 1 0 0 0 0 0 0 0 0])
  ("True" .
   [4 0 0 0])
  ("has_key" .
   [0 0 0 0 2 1 0])
  ("newName" .
   [0 0 0 4 2 0 2])
  ("str" .
   [8 0 0])
  ("not" .
   [5 0 0])
  ("what" .
   [1 0 0 0])
  ("about" .
   [4 0 0 0 0])
  ("intern" .
   [4 0 0 0 0 0])
  ("should" .
   [2 0 0 0 0 0])
  ("look" .
   [1 0 0 0])
  ("your" .
   [1 0 0 0])
  ("zynga" .
   [6 0 0 0 0])
  ("experience?" .
   [0 0 0 0 1 1 1 0 0 0 0])
  ("co-opt" .
   [1 0 0 0 0 0])
  ("right" .
   [1 0 0 0 0])
  ("google?" .
   [1 0 0 0 0 0 0])
  ("to" .
   [3 0])
  ("mo" .
   [1 0])
  ("process" .
   [1 0 0 0 0 0 0])
  ("first" .
   [1 0 0 0 0])
  ("day" .
   [1 0 0])
  ("you" .
   [2 0 0])
  ("team" .
   [7 0 0 0])
  ("family" .
   [1 0 0 0 0 0])
  ("teams" .
   [2 0 0 0 0])
  ("bootcamp" .
   [1 0 0 0 0 0 0 0])
  ("that" .
   [1 0 0 0])
  ("new" .
   [2 0 0])
  ("people" .
   [1 0 0 0 0 0])
  ("startup" .
   [1 0 0 0 0 0 0])
  ("success" .
   [1 0 0 0 0 0 0])
  ("ex" .
   [1 0])
  ("game" .
   [1 0 0 0])
  ("summer" .
   [1 0 0 0 0 0])
  ("relate" .
   [1 0 0 0 0 0])
  ("things" .
   [1 0 0 0 0 0])
  ("exp" .
   [1 0 0])
  ("value" .
   [4 0 0 1 0])
  ("self" .
   [4 0 0 0])
  ("root" .
   [3 0 0 0])
  ("None" .
   [1 0 0 0])
  ("delete" .
   [2 0 0 0 0 0])
  ("del" .
   [1 0 0])
  ("binary_search" .
   [0 0 0 0 0 2 0 0 0 0 0 0 0])
  ("arr" .
   [1 0 0])
  ("import" .
   [4 0 0 0 0 0])
  ("test" .
   [1 0 0 0])
  ("***" .
   [2 0 0])
  ("reductions" .
   [1 0 0 0 0 0 0 0 0 0])
  ("completeness" .
   [1 0 0 0 0 0 0 0 0 0 0 0])
  ("subset" .
   [1 0 0 0 0 0])
  ("sum" .
   [1 0 0])
  ("rust-mode" .
   [1 0 0 0 0 0 0 0 0])
  ("with" .
   [2 0 0 0])
  ("open" .
   [2 0 0 0])
  ("data" .
   [8 0 0 0])
  ("paths" .
   [2 0 0 0 0])
  ("json" .
   [5 0 0 0])
  ("__name__" .
   [0 0 0 2 0 0 0 0])
  ("app" .
   [1 0 0])
  ("be" .
   [1 0])
  ("db" .
   [2 0])
  ("process_db" .
   [0 0 0 0 0 1 0 0 0 0])
  ("fh" .
   [3 0])
  ("flask" .
   [1 0 0 0 0])
  ("jsonify" .
   [1 0 0 0 0 0 0])
  ("array" .
   [3 0 0 0 4])
  ("id" .
   [8 0])
  ("continue" .
   [0 0 0 2 0 0 0 0])
  ("apply" .
   [0 0 0 1 0])
  ("or" .
   [1 0])))
